55
55
94
94
21
21
53
53
22
22
33
33
88
88
23
23
88
88
33
33
64
64
21
21
25
25
81
81
63
63
15
15
88
88
68
68
33
33
55
55
72
72
55
55
33
33
18
18
79
79
78
78
37
37
76
76
22
22
79
79
66
66
79
79
33
33
31
31
22
22
22
22
65
65
27
27
34
34
22
22
87
87
72
72
99
99
34
34
82
82
66
66
94
94
99
99
64
64
37
37
83
83
33
33
33
33
58
58
68
68
77
77
31
31
52
52
66
66
67
67
55
55
66
66
43
43
97
97
52
52
12
12
75
75
55
55
23
23
42
42
78
78
53
53
54
54
39
39
88
88
88
88
88
88
77
77
37
37
11
11
55
55
32
32
77
77
49
49
33
33
36
36
43
43
77
77
98
98
95
95
21
21
44
44
88
88
22
22
77
77
79
79
71
71
35
35
54
54
55
55
73
73
25
25
78
78
39
39
36
36
99
99
59
59
76
76
77
77
95
95
77
77
76
76
73
73
44
44
22
22
33
33
89
89
45
45
16
16
44
44
88
88
85
85
53
53
66
66
77
77
22
22
11
11
73
73
11
11
76
76
89
89
57
57
69
69
62
62
26
26
55
55
68
68
46
46
46
46
44
44
55
55
47
47
33
33
75
75
75
75
77
77
93
93
13
13
64
64
84
84
92
92
12
12
76
76
58
58
36
36
92
92
88
88
86
86
55
55
99
99
11
11
65
65
48
48
37
37
54
54
86
86
22
22
86
86
61
61
99
99
64
64
64
64
24
24
77
77
66
66
99
99
99
99
11
11
13
13
11
11
59
59
83
83
11
11
88
88
81
81
19
19
49
49
39
39
22
22
55
55
23
23
57
57
54
54
12
12
62
62
55
55
11
11
37
37
79
79
12
12
22
22
44
44
79
79
37
37
32
32
68
68
93
93
85
85
44
44
64
64
21
21
42
42
44
44
44
44
88
88
22
22
44
44
66
66
74
74
17
17
99
99
94
94
76
76
44
44
53
53
22
22
22
22
18
18
44
44
94
94
24
24
33
33
34
34
28
28
46
46
51
51
69
69
63
63
99
99
44
44
18
18
69
69
88
88
98
98
97
97
18
18
64
64
77
77
99
99
22
22
28
28
11
11
63
63
11
11
67
67
32
32
38
38
48
48
66
66
88
88
62
62
41
41
55
55
34
34
12
12
19
19
78
78
77
77
11
11
22
22
19
19
85
85
53
53
68
68
22
22
43
43
51
51
99
99
79
79
55
55
66
66
61
61
25
25
53
53
66
66
55
55
99
99
19
19
66
66
47
47
46
46
75
75
44
44
88
88
33
33
59
59
54
54
44
44
27
27
45
45
73
73
49
49
61
61
16
16
14
14
31
31
55
55
88
88
82
82
23
23
69
69
29
29
65
65
84
84
48
48
35
35
58
58
76
76
66
66
44
44
17
17
91
91
33
33
98
98
51
51
81
81
58
58
55
55
79
79
44
44
33
33
16
16
49
49
88
88
94
94
88
88
75
75
73
73
66
66
77
77
15
15
42
42
66
66
33
33
94
94
77
77
23
23
47
47
88
88
11
11
37
37
57
57
44
44
41
41
23
23
26
26
57
57
57
57
88
88
86
86
44
44
71
71
55
55
88
88
26
26
33
33
77
77
33
33
45
45
33
33
71
71
66
66
89
89
99
99
33
33
55
55
93
93
23
23
66
66
91
91
58
58
11
11
55
55
28
28
53
53
44
44
61
61
36
36
33
33
95
95
66
66
13
13
11
11
55
55
72
72
88
88
65
65
98
98
99
99
86
86
11
11
48
48
66
66
55
55
33
33
99
99
67
67
99
99
34
34
77
77
55
55
16
16
63
63
25
25
92
92
99
99
98
98
44
44
11
11
66
66
85
85
82
82
64
64
15
15
97
97
91
91
11
11
11
11
66
66
68
68
75
75
71
71
99
99
81
81
77
77
24
24
22
22
99
99
77
77
66
66
33
33
55
55
77
77
22
22
26
26
91
91
51
51
43
43
88
88
49
49
15
15
52
52
66
66
11
11
41
41
72
72
92
92
55
55
33
33
25
25
58
58
66
66
11
11
44
44
89
89
22
22
81
81
11
11
72
72
33
33
33
33
77
77
86
86
22
22
56
56
66
66
29
29
77
77
29
29
28
28
88
88
74
74
99
99
99
99
19
19
42
42
95
95
42
42
33
33
11
11
66
66
13
13
54
54
61
61
32
32
85
85
25
25
11
11
77
77
66
66
64
64
33
33
17
17
38
38
81
81
48
48
95
95
77
77
99
99
22
22
56
56
88
88
43
43
77
77
48
48
13
13
65
65
92
92
77
77
44
44
33
33
29
29
22
22
67
67
24
24
41
41
55
55
58
58
22
22
77
77
91
91
66
66
63
63
34
34
53
53
11
11
85
85
99
99
98
98
73
73
52
52
78
78
66
66
69
69
58
58
36
36
91
91
84
84
68
68
38
38
42
42
43
43
47
47
67
67
63
63
55
55
99
99
33
33
52
52
84
84
22
22
88
88
99
99
61
61
75
75
85
85
99
99
24
24
91
91
93
93
55
55
36
36
22
22
71
71
78
78
63
63
43
43
63
63
42
42
11
11
88
88
33
33
88
88
14
14
86
86
51
51
95
95
77
77
94
94
99
99
33
33
14
14
84
84
62
62
44
44
55
55
25
25
24
24
11
11
87
87
49
49
18
18
47
47
77
77
54
54
89
89
11
11
72
72
78
78
84
84
93
93
12
12
96
96
73
73
99
99
55
55
62
62
88
88
77
77
66
66
75
75
89
89
96
96
18
18
99
99
36
36
41
41
76
76
25
25
55
55
27
27
26
26
86
86
52
52
85
85
25
25
13
13
23
23
73
73
49
49
43
43
88
88
84
84
85
85
91
91
77
77
37
37
17
17
73
73
85
85
34
34
55
55
74
74
55
55
55
55
55
55
61
61
63
63
95
95
67
67
11
11
83
83
11
11
77
77
25
25
72
72
26
26
77
77
14
14
35
35
87
87
99
99
58
58
55
55
99
99
18
18
88
88
28
28
13
13
63
63
33
33
95
95
96
96
33
33
44
44
91
91
35
35
25
25
33
33
11
11
47
47
11
11
99
99
77
77
88
88
33
33
11
11
19
19
74
74
86
86
33
33
65
65
45
45
72
72
55
55
99
99
99
99
49
49
75
75
14
14
44
44
33
33
11
11
33
33
19
19
11
11
94
94
33
33
44
44
17
17
11
11
91
91
58
58
91
91
96
96
11
11
55
55
87
87
39
39
85
85
11
11
23
23
33
33
76
76
77
77
54
54
27
27
65
65
85
85
94
94
11
11
22
22
55
55
34
34
88
88
71
71
38
38
39
39
24
24
58
58
66
66
18
18
66
66
84
84
33
33
13
13
18
18
98
98
86
86
28
28
77
77
31
31
66
66
33
33
16
16
67
67
22
22
14
14
66
66
95
95
77
77
56
56
95
95
85
85
32
32
66
66
27
27
99
99
56
56
53
53
62
62
11
11
51
51
99
99
66
66
62
62
32
32
66
66
75
75
99
99
99
99
33
33
53
53
88
88
25
25
58
58
42
42
34
34
54
54
36
36
44
44
82
82
77
77
65
65
56
56
28
28
66
66
35
35
18
18
88
88
91
91
82
82
15
15
17
17
74
74
66
66
44
44
44
44
57
57
66
66
66
66
96
96
11
11
66
66
93
93
93
93
16
16
88
88
44
44
38
38
66
66
89
89
68
68
33
33
64
64
27
27
22
22
99
99
62
62
58
58
22
22
32
32
93
93
11
11
11
11
39
39
73
73
22
22
22
22
99
99
36
36
89
89
17
17
59
59
54
54
42
42
55
55
77
77
33
33
42
42
86
86
11
11
99
99
53
53
75
75
11
11
21
21
35
35
45
45
67
67
68
68
44
44
14
14
55
55
99
99
53
53
53
53
99
99
51
51
39
39
81
81
59
59
97
97
42
42
75
75
24
24
66
66
77
77
36
36
82
82
17
17
97
97
22
22
42
42
77
77
65
65
37
37
23
23
17
17
11
11
11
11
41
41
73
73
71
71
29
29
15
15
81
81
11
11
96
96
67
67
75
75
55
55
66
66
52
52
27
27
51
51
56
56
83
83
33
33
44
44
43
43
25
25
44
44
22
22
43
43
22
22
23
23
44
44
42
42
45
45
15
15
78
78
95
95
85
85
67
67
44
44
39
39
81
81
11
11
33
33
37
37
38
38
55
55
97
97
52
52
49
49
66
66
46
46
44
44
37
37
45
45
12
12
61
61
33
33
44
44
99
99
91
91
66
66
15
15
11
11
54
54
47
47
89
89
38
38
66
66
66
66
21
21
53
53
56
56
34
34
66
66
32
32
19
19
25
25
95
95
57
57
43
43
88
88
22
22
88
88
88
88
66
66
87
87
92
92
97
97
44
44
36
36
33
33
55
55
32
32
29
29
44
44
11
11
69
69
34
34
47
47
77
77
44
44
52
52
55
55
